2
3
7
8
9
12
17
18
24
28
30
32
35
37
38
39
41
42
45
46
49
50
52
55
56
58
59
60
66
68
69
70
77
83
86
87
88
89
91
94
98
106
111
112
115
120
129
133
135
138
139
144
148
152
153
155
157
158
165
170
172
186
187
192
195
198
199
200
202
204
205
210
211
216
218
223
226
228
236
244
248
253
256
261
263
270
276
278
280
285
291
296
297
303
305
307
308
313
314
320
321
327
330
331
333
335
336
345
350
351
353
354
355
360
364
368
370
372
376
383
384
385
392
393
398
406
408
409
412
417
419
422
433
437
438
442
443
444
446
448
450
454
458
459
462
465
467
469
472
473
474
475
476
481
484
486
489
492
493
497
499
500
502
504
505
507
508
509
510
512
513
517
520
531
532
538
540
542
543
544
545
551
558
568
569
575
589
590
591
593
600
604
605
606
609
611
614
620
621
626
627
640
641
646
651
652
653
659
668
674
679
680
683
685
686
691
692
695
697
700
704
707
708
710
711
713
714
717
718
722
724
732
734
737
753
758
759
760
761
764
772
777
778
782
783
784
793
796
797
798
803
807
809
816
817
821
822
823
824
825
826
827
831
833
836
841
843
844
848
853
855
856
857
858
860
864
866
872
875
884
888
889
895
897
907
915
918
922
925
926
927
940
944
948
953
956
958
963
964
965
967
968
969
973
978
982
985
986
987
988
989
995
997
1002
1004
1006
1013
1014
1017
1019
1022
1025
1027
1028
1029
1031
1037
1038
1042
1045
1048
1049
1050
1057
1063
1066
1069
1071
1072
1073
1074
1076
1083
1085
1087
1088
1089
1092
1093
1098
1103
1104
1105
1109
1114
1116
1119
1120
1124
1126
1127
1129
1134
1135
1136
1141
1142
1143
1149
1150
1152
1157
1159
1163
1165
1170
1171
1173
1176
1178
1180
1181
1182
1184
1185
1186
1189
1193
1196
1197
1198
1199
1204
1207
1211
1215
1220
1222
1225
1226
1229
1233
1242
1244
1246
1248
1258
1261
1262
1264
1266
1267
1268
1269
1271
1275
1277
1279
1282
1284
1286
1290
1291
1292
1293
1298
1300
1302
1305
1306
1308
1314
1318
1321
1324
1328
1330
1331
1337
1341
1343
1347
1348
1350
1352
1353
1354
1355
1356
1358
1363
1365
1366
1367
1372
1374
1380
1383
1385
1387
1392
1397
1398
1412
1414
1417
1418
1419
1425
1436
1442
1444
1446
1449
1451
1454
1460
1463
1477
1479
1482
1484
1486
1492
1494
1495
1496
1500
1501
1505
1507
1508
1509
1515
1520
1521
1529
1536
1541
1547
1548
1551
1556
1560
1561
1565
1567
1569
1580
1582
1586
1593
1596
1598
1599
1601
1602
1605
1610
1611
1615
1619
1621
1625
1632
1633
1644
1645
1647
1649
1650
1651
1658
1659
1660
1664
1668
1673
1674
1676
1689
1693
1695
1698
1700
1701
1702
1704
1707
1712
1713
1715
1717
1722
1724
1729
1730
1733
1736
1738
1740
1744
1747
1750
1751
1752
1760
1761
1763
1765
1768
1770
1771
1775
1782
1783
1784
1785
1786
1787
1788
1789
1790
1792
1794
1795
1797
1801
1805
1806
1809
1813
1815
1816
1817
1821
1822
1826
1830
1831
1832
1835
1840
1845
1846
1853
1854
1855
1856
1857
1858
1862
1865
1866
1875
1877
1878
1879
1884
1885
1887
1888
1891
1892
1897
1903
1907
1908
1909
1911
1913
1915
1917
1922
1924
1925
1930
1932
1937
1942
1944
1945
1951
1952
1954
1955
1958
1960
1965
1967
1968
1969
1972
1975
1976
1987
1990
1991
1992
1994
1997
2000
2003
2005
2006
2012
2015
2016
2021
2023
2033
2034
2037
2040
2042
2045
2046
2048
2049
2050
2052
2053
2058
2061
2063
2067
2069
2076
2077
2085
2087
2088
2089
2090
2092
2095
2098
2102
2108
2111
2116
2119
2120
2121
2122
2123
2124
2127
2129
2131
2132
2138
2139
2142
2143
2144
2145
2147
2148
2152
2153
2156
2159
2169
2170
2172
2182
2186
2187
2191
2192
2194
2195
2198
2202
2203
2207
2212
2213
2214
2215
2217
2227
2229
2231
2234
2236
2248
2251
2259
2262
2266
2272
2273
2280
2293
2294
2296
2298
2300
2301
2304
2308
2311
2317
2319
2324
2326
2327
2328
2340
2342
2343
2345
2349
2350
2352
2354
2355
2356
2362
2364
2370
2375
2378
2384
2397
2400
2401
2405
2408
2409
2413
2415
2416
2419
2420
2423
2432
2435
2436
2446
2447
2449
2456
2457
2458
2459
2460
2464
2465
2466
2469
2470
2472
2476
2478
2479
2481
2488
2489
2495
2496
2498
2499
2501
2505
2506
2507
2513
2514
2516
2518
2519
2521
2522
2525
2527
2530
2533
2535
2538
2540
2543
2545
2548
2552
2556
2558
2559
2564
2565
2566
2571
2573
2574
2576
2577
2580
2584
2588
2589
2597
2600
2604
2605
2612
2613
2616
2619
2620
2621
2622
2624
2631
2634
2638
2639
2643
2649
2652
2655
2659
2661
2663
2665
2671
2673
2677
2679
2680
2682
2686
2689
2692
2693
2695
2699
2700
2707
2712
2715
2718
2719
2720
2722
2725
2727
2728
2729
2730
2732
2736
2738
2739
2742
2745
2749
2750
2751
2753
2756
2761
2762
2766
2770
2773
2776
2780
2783
2784
2785
2789
2796
2797
2799
2800
2801
2806
2807
2813
2815
2817
2832
2833
2836
2839
2841
2842
2848
2849
2851
2853
2860
2862
2864
2866
2869
2870
2871
2875
2884
2886
2889
2890
2892
2898
2899
2906
2907
2908
2910
2912
2916
2917
2925
2927
2928
2929
2931
2932
2933
2935
2937
2945
2949
2950
2956
2962
2968
2975
2981
2982
2984
2986
2988
2990
2991
2992
2994
2996
2997
2998
3002
3003
3007
3013
3014
3017
3023
3024
3026
3027
3031
3033
3035
3037
3038
3040
3041
3042
3047
3048
3050
3053
3057
3058
3059
3061
3063
3064
3067
3069
3070
3072
3073
3077
3078
3082
3083
3086
3092
3093
3094
3096
3098
3108
3113
3116
3123
3126
3130
3131
3133
3136
3144
3151
3153
3156
3158
3159
3163
3164
3168
3170
3172
3174
3176
3177
3182
3184
3188
3191
3194
3195
3197
3203
3206
3207
3211
3216
3220
3224
3225
3229
3235
3238
3239
3241
3242
3247
3251
3256
3260
3266
3269
3271
3272
3274
3278
3279
3283
3284
3288
3290
3292
3293
3298
3306
3308
3312
3315
3317
3328
3329
3330
3331
3334
3336
3344
3350
3351
3352
3355
3357
3359
3362
3363
3364
3366
3368
3369
3372
3376
3380
3384
3387
3388
3397
3402
3405
3407
3411
3413
3414
3421
3427
3428
3434
3439
3440
3443
3455
3456
3457
3458
3459
3461
3464
3468
3469
3473
3474
3475
3476
3490
3494
3495
3497
3498
3499
3501
3502
3504
3505
3506
3510
3513
3514
3515
3516
3518
3520
3524
3532
3534
3535
3537
3539
3540
3543
3544
3549
3554
3555
3557
3559
3568
3570
3572
3576
3578
3579
3586
3587
3590
3591
3594
3595
3604
3605
3606
3613
3614
3615
3616
3618
3619
3620
3623
3627
3631
3633
3634
3639
3641
3642
3643
3658
3661
3662
3663
3665
3673
3677
3678
3683
3685
3696
3697
3702
3707
3709
3712
3714
3719
3721
3727
3728
3729
3736
3743
3752
3753
3756
3759
3763
3769
3770
3775
3777
3778
3783
3788
3792
3794
3797
3799
3801
3803
3805
3810
3813
3814
3821
3823
3827
3828
3832
3838
3840
3841
3844
3847
3850
3854
3856
3862
3864
3874
3875
3879
3880
3881
3882
3883
3884
3887
3892
3893
3896
3899
3904
3905
3906
3908
3914
3916
3919
3922
3925
3927
3928
3929
3931
3932
3937
3938
3939
3943
3946
3947
3953
3955
3956
3957
3958
3960
3963
3964
3974
3976
3977
3982
3983
3986
3989
3992
3993
3994
